0.059355534605118804
0.0015596773293696227
0.0015596773293696231
0.0015596773293696231
0.0015596773293696227
0.0015596773293696234
0.001559677329369623
0.0015596773293696231
0.0015596773293696236
0.0015596773293696234
0.0015596773293696227
0.0015596773293696236
0.0015596773293696227
0.0015596773293696231
0.0015596773293696227
0.0015596773293696234
0.0015596773293696231
0.0015596773293696227
0.0015596773293696227
0.0015596773293696231
0.0015596773293696231
0.0015596773293696231
0.0015596773293696231
0.0015596773293696227
0.0015596773293696227
0.0015596773293696231
0.0015596773293696236
0.0015596773293696231
0.001559677329369623
0.0015596773293696227
0.0015596773293696231
0.0015596773293696231
0.0015596773293696231
0.001559677329369623
0.0015596773293696231
0.0015596773293696234
0.0015596773293696231
0.0015596773293696234
0.0015596773293696231
0.0015596773293696231
0.0015596773293696231
0.001559677329369623
0.0015596773293696231
0.0015596773293696234
0.0015596773293696231
0.0015596773293696231
0.0015596773293696231
0.0015596773293696236
0.0015596773293696231
0.0015596773293696231
0.0015596773293696231
0.0015596773293696231
0.0015596773293696231
0.0015596773293696231
0.0015596773293696231
0.0015596773293696234
0.0015596773293696231
0.0015596773293696231
0.0015596773293696231
0.001559677329369623
0.0015596773293696231
0.0015596773293696231
0.0015596773293696231
0.0015596773293696236
0.0015596773293696231
0.001559677329369623
0.001559677329369623
0.0015596773293696231
0.0015596773293696231
0.001559677329369623
0.0015596773293696231
0.0015596773293696236
0.07234403091503701
0.0024089874638588945
0.002408987463858894
0.0024089874638588945
0.07196366897588233
0.002407587669592998
0.0024075876695929975
0.0024075876695929983
0.0024075876695929975
0.002407587669592998
0.002407587669592998
0.07058997414449468
0.002254914559489068
0.002254914559489068
0.0022549145594890677
0.002254914559489068
0.0022549145594890686
0.002254914559489068
0.002254914559489068
0.002254914559489068
0.002254914559489068
0.0022549145594890686
0.002254914559489068
0.002254914559489068
0.002254914559489068
0.07222714545310889
0.002469850950514855
0.002469850950514855
0.002469850950514855
0.0024698509505148556
0.0024698509505148556
0.07259590096981781
0.002523012056937922
0.002523012056937922
0.0025230120569379216
0.0005887129243287921
0.0005887129243287921
0.0005887129243287921
0.0005887129243287921
0.0005887129243287921
0.0005887129243287921
0.0005887129243287921
0.0005887129243287921
0.0005887129243287921
0.0005887129243287921
0.0005887129243287921
0.0005887129243287921
0.0005887129243287921
0.0005887129243287921
0.0005887129243287921
0.0005887129243287921
0.0005887129243287921
0.0005887129243287921
0.0005887129243287921
0.0005887129243287921
8.225438119078391e-05
8.225438119078391e-05
8.225438119078391e-05
8.225438119078391e-05
8.225438119078391e-05
8.225438119078391e-05
8.225438119078391e-05
8.225438119078391e-05
8.225438119078391e-05
8.225438119078391e-05
8.225438119078391e-05
8.225438119078391e-05
8.225438119078391e-05
8.225438119078391e-05
8.225438119078391e-05
8.225438119078391e-05
8.225438119078391e-05
8.225438119078391e-05
8.225438119078391e-05
8.225438119078391e-05
8.225438119078391e-05
8.225438119078391e-05
8.225438119078391e-05
8.225438119078391e-05
8.225438119078391e-05
8.225438119078391e-05
8.225438119078391e-05
8.225438119078391e-05
8.225438119078391e-05
8.225438119078391e-05
8.225438119078391e-05
8.225438119078391e-05
8.225438119078391e-05
8.225438119078391e-05
8.225438119078391e-05
8.225438119078391e-05
8.225438119078391e-05
8.225438119078391e-05
8.225438119078391e-05
8.225438119078391e-05
8.225438119078391e-05
8.225438119078391e-05
8.225438119078391e-05
8.225438119078391e-05
8.225438119078391e-05
8.225438119078391e-05
8.225438119078391e-05
8.225438119078391e-05
8.225438119078391e-05
8.225438119078391e-05
8.225438119078391e-05
8.225438119078391e-05
8.225438119078391e-05
8.225438119078391e-05
8.225438119078391e-05
8.225438119078391e-05
8.225438119078391e-05
8.225438119078391e-05
8.225438119078391e-05
8.225438119078391e-05
8.225438119078391e-05
8.225438119078391e-05
8.225438119078391e-05
8.225438119078391e-05
8.225438119078391e-05
8.225438119078391e-05
8.225438119078391e-05
8.225438119078391e-05
8.225438119078391e-05
8.225438119078391e-05
8.225438119078391e-05
8.225438119078391e-05
8.225438119078391e-05
8.225438119078391e-05
8.225438119078391e-05
8.225438119078391e-05
8.225438119078391e-05
8.225438119078391e-05
8.225438119078391e-05
8.225438119078391e-05
8.225438119078391e-05
8.225438119078391e-05
8.225438119078391e-05
8.225438119078391e-05
8.225438119078391e-05
8.225438119078391e-05
8.225438119078391e-05
8.225438119078391e-05
8.225438119078391e-05
8.225438119078391e-05
8.225438119078391e-05
8.225438119078391e-05
8.225438119078391e-05
8.225438119078391e-05
8.225438119078391e-05
8.225438119078391e-05
8.225438119078391e-05
8.225438119078391e-05
8.225438119078391e-05
8.225438119078391e-05
8.225438119078391e-05
8.225438119078391e-05
8.225438119078391e-05
8.225438119078391e-05
8.225438119078391e-05
8.225438119078391e-05
8.225438119078391e-05
8.225438119078391e-05
8.225438119078391e-05
8.225438119078391e-05
8.225438119078391e-05
8.225438119078391e-05
8.225438119078391e-05
8.225438119078391e-05
8.225438119078391e-05
8.225438119078391e-05
8.225438119078391e-05
8.225438119078391e-05
8.225438119078391e-05
8.225438119078391e-05
8.225438119078391e-05
8.225438119078391e-05
8.225438119078391e-05
8.225438119078391e-05
8.225438119078391e-05
8.225438119078391e-05
8.225438119078391e-05
8.225438119078391e-05
8.225438119078391e-05
8.225438119078391e-05
8.225438119078391e-05
8.225438119078391e-05
8.225438119078391e-05
8.225438119078391e-05
8.225438119078391e-05
8.225438119078391e-05
8.225438119078391e-05
8.225438119078391e-05
8.225438119078391e-05
8.225438119078391e-05
8.225438119078391e-05
8.225438119078391e-05
8.225438119078391e-05
8.225438119078391e-05
8.225438119078391e-05
8.225438119078391e-05
8.225438119078391e-05
8.225438119078391e-05
8.225438119078391e-05
8.225438119078391e-05
8.225438119078391e-05
8.225438119078391e-05
8.225438119078391e-05
8.225438119078391e-05
8.225438119078391e-05
8.225438119078391e-05
8.225438119078391e-05
8.225438119078391e-05
8.225438119078391e-05
8.225438119078391e-05
8.225438119078391e-05
8.225438119078391e-05
8.225438119078391e-05
8.225438119078391e-05
8.225438119078391e-05
8.225438119078391e-05
8.225438119078391e-05
8.225438119078391e-05
8.225438119078391e-05
8.225438119078391e-05
8.225438119078391e-05
8.225438119078391e-05
8.225438119078391e-05
8.225438119078391e-05
8.225438119078391e-05
8.225438119078391e-05
8.225438119078391e-05
8.225438119078391e-05
8.225438119078391e-05
8.225438119078391e-05
8.225438119078391e-05
8.225438119078391e-05
8.225438119078391e-05
8.225438119078391e-05
8.225438119078391e-05
8.225438119078391e-05
8.225438119078391e-05
8.225438119078391e-05
8.225438119078391e-05
8.225438119078391e-05
8.225438119078391e-05
8.225438119078391e-05
8.225438119078391e-05
8.225438119078391e-05
8.225438119078391e-05
8.225438119078391e-05
8.225438119078391e-05
8.225438119078391e-05
8.225438119078391e-05
8.225438119078391e-05
8.225438119078391e-05
8.225438119078391e-05
8.225438119078391e-05
8.225438119078391e-05
8.225438119078391e-05
8.225438119078391e-05
8.225438119078391e-05
8.225438119078391e-05
8.225438119078391e-05
8.225438119078391e-05
8.225438119078391e-05
8.225438119078391e-05
8.225438119078391e-05
8.225438119078391e-05
8.225438119078391e-05
8.225438119078391e-05
8.225438119078391e-05
8.225438119078391e-05
8.225438119078391e-05
8.225438119078391e-05
8.225438119078391e-05
8.225438119078391e-05
8.225438119078391e-05
8.225438119078391e-05
8.225438119078391e-05
8.225438119078391e-05
8.225438119078391e-05
8.225438119078391e-05
8.225438119078391e-05
8.225438119078391e-05
8.225438119078391e-05
8.225438119078391e-05
8.225438119078391e-05
8.225438119078391e-05
8.225438119078391e-05
8.225438119078391e-05
8.225438119078391e-05
8.225438119078391e-05
8.225438119078391e-05
8.225438119078391e-05
8.225438119078391e-05
8.225438119078391e-05
8.225438119078391e-05
8.225438119078391e-05
8.225438119078391e-05
8.225438119078391e-05
8.225438119078391e-05
8.225438119078391e-05
8.225438119078391e-05
8.225438119078391e-05
8.225438119078391e-05
8.225438119078391e-05
8.225438119078391e-05
8.225438119078391e-05
8.225438119078391e-05
8.225438119078391e-05
8.225438119078391e-05
8.225438119078391e-05
8.225438119078391e-05
8.225438119078391e-05
8.225438119078391e-05
8.225438119078391e-05
8.225438119078391e-05
8.225438119078391e-05
8.225438119078391e-05
8.225438119078391e-05
8.225438119078391e-05
8.225438119078391e-05
8.225438119078391e-05
8.225438119078391e-05
8.225438119078391e-05
8.225438119078391e-05
8.225438119078391e-05
8.225438119078391e-05
8.225438119078391e-05
8.225438119078391e-05
8.225438119078391e-05
8.225438119078391e-05
8.225438119078391e-05
8.225438119078391e-05
8.225438119078391e-05
8.225438119078391e-05
8.225438119078391e-05
8.225438119078391e-05
8.225438119078391e-05
8.225438119078391e-05
8.225438119078391e-05
8.225438119078391e-05
8.225438119078391e-05
8.225438119078391e-05
8.225438119078391e-05
8.225438119078391e-05
8.225438119078391e-05
8.225438119078391e-05
8.225438119078391e-05
8.225438119078391e-05
8.225438119078391e-05
8.225438119078391e-05
8.225438119078391e-05
8.225438119078391e-05
8.225438119078391e-05
8.225438119078391e-05
8.225438119078391e-05
8.225438119078391e-05
8.225438119078391e-05
8.225438119078391e-05
8.225438119078391e-05
8.225438119078391e-05
8.225438119078391e-05
8.225438119078391e-05
8.225438119078391e-05
8.225438119078391e-05
8.225438119078391e-05
8.225438119078391e-05
8.225438119078391e-05
8.225438119078391e-05
8.225438119078391e-05
8.225438119078391e-05
8.225438119078391e-05
8.225438119078391e-05
8.225438119078391e-05
8.225438119078391e-05
8.225438119078391e-05
8.225438119078391e-05
8.225438119078391e-05
8.225438119078391e-05
8.225438119078391e-05
8.225438119078391e-05
8.225438119078391e-05
8.225438119078391e-05
8.225438119078391e-05
8.225438119078391e-05
8.225438119078391e-05
8.225438119078391e-05
8.225438119078391e-05
8.225438119078391e-05
8.225438119078391e-05
8.225438119078391e-05
8.225438119078391e-05
8.225438119078391e-05
8.225438119078391e-05
8.225438119078391e-05
8.225438119078391e-05
8.225438119078391e-05
8.225438119078391e-05
8.225438119078391e-05
8.225438119078391e-05
8.225438119078391e-05
8.225438119078391e-05
8.225438119078391e-05
8.225438119078391e-05
8.225438119078391e-05
8.225438119078391e-05
8.225438119078391e-05
8.225438119078391e-05
8.225438119078391e-05
8.225438119078391e-05
8.225438119078391e-05
8.225438119078391e-05
8.225438119078391e-05
8.225438119078391e-05
8.225438119078391e-05
8.225438119078391e-05
8.225438119078391e-05
8.225438119078391e-05
8.225438119078391e-05
8.225438119078391e-05
8.225438119078391e-05
8.225438119078391e-05
8.225438119078391e-05
8.225438119078391e-05
8.225438119078391e-05
8.225438119078391e-05
8.225438119078391e-05
8.225438119078391e-05
8.225438119078391e-05
8.225438119078391e-05
8.225438119078391e-05
8.225438119078391e-05
8.225438119078391e-05
8.225438119078391e-05
8.225438119078391e-05
8.225438119078391e-05
8.225438119078391e-05
8.225438119078391e-05
8.225438119078391e-05
8.225438119078391e-05
8.225438119078391e-05
8.225438119078391e-05
8.225438119078391e-05
8.225438119078391e-05
8.225438119078391e-05
8.225438119078391e-05
8.225438119078391e-05
8.225438119078391e-05
8.225438119078391e-05
8.225438119078391e-05
8.225438119078391e-05
8.225438119078391e-05
8.225438119078391e-05
8.225438119078391e-05
8.225438119078391e-05
8.225438119078391e-05
8.225438119078391e-05
8.225438119078391e-05
8.225438119078391e-05
8.225438119078391e-05
8.225438119078391e-05
8.225438119078391e-05
8.225438119078391e-05
8.225438119078391e-05
8.225438119078391e-05
8.225438119078391e-05
8.225438119078391e-05
8.225438119078391e-05
8.225438119078391e-05
8.225438119078391e-05
8.225438119078391e-05
8.225438119078391e-05
8.225438119078391e-05
8.225438119078391e-05
8.225438119078391e-05
8.225438119078391e-05
8.225438119078391e-05
8.225438119078391e-05
8.225438119078391e-05
8.225438119078391e-05
8.225438119078391e-05
8.225438119078391e-05
8.225438119078391e-05
8.225438119078391e-05
8.225438119078391e-05
8.225438119078391e-05
8.225438119078391e-05
8.225438119078391e-05
8.225438119078391e-05
8.225438119078391e-05
8.225438119078391e-05
8.225438119078391e-05
8.225438119078391e-05
8.225438119078391e-05
8.225438119078391e-05
8.225438119078391e-05
8.225438119078391e-05
8.225438119078391e-05
8.225438119078391e-05
8.225438119078391e-05
8.225438119078391e-05
8.225438119078391e-05
8.225438119078391e-05
8.225438119078391e-05
8.225438119078391e-05
8.225438119078391e-05
8.225438119078391e-05
8.225438119078391e-05
8.225438119078391e-05
8.225438119078391e-05
8.225438119078391e-05
8.225438119078391e-05
8.225438119078391e-05
8.225438119078391e-05
8.225438119078391e-05
8.225438119078391e-05
8.225438119078391e-05
8.225438119078391e-05
8.225438119078391e-05
8.225438119078391e-05
8.225438119078391e-05
8.225438119078391e-05
8.225438119078391e-05
8.225438119078391e-05
8.225438119078391e-05
8.225438119078391e-05
8.225438119078391e-05
8.225438119078391e-05
8.225438119078391e-05
8.225438119078391e-05
8.225438119078391e-05
8.225438119078391e-05
8.225438119078391e-05
8.225438119078391e-05
8.225438119078391e-05
8.225438119078391e-05
8.225438119078391e-05
8.225438119078391e-05
8.225438119078391e-05
8.225438119078391e-05
8.225438119078391e-05
8.225438119078391e-05
8.225438119078391e-05
8.225438119078391e-05
8.225438119078391e-05
8.225438119078391e-05
8.225438119078391e-05
8.225438119078391e-05
8.225438119078391e-05
8.225438119078391e-05
8.225438119078391e-05
8.225438119078391e-05
8.225438119078391e-05
8.225438119078391e-05
8.225438119078391e-05
8.225438119078391e-05
8.225438119078391e-05
8.225438119078391e-05
8.225438119078391e-05
8.225438119078391e-05
8.225438119078391e-05
8.225438119078391e-05
8.225438119078391e-05
8.225438119078391e-05
8.225438119078391e-05
8.225438119078391e-05
8.225438119078391e-05
8.225438119078391e-05
8.225438119078391e-05
8.225438119078391e-05
8.225438119078391e-05
8.225438119078391e-05
8.225438119078391e-05
8.225438119078391e-05
8.225438119078391e-05
8.225438119078391e-05
8.225438119078391e-05
8.225438119078391e-05
8.225438119078391e-05
8.225438119078391e-05
8.225438119078391e-05
8.225438119078391e-05
8.225438119078391e-05
8.225438119078391e-05
8.225438119078391e-05
8.225438119078391e-05
8.225438119078391e-05
8.225438119078391e-05
8.225438119078391e-05
8.225438119078391e-05
8.225438119078391e-05
8.225438119078391e-05
8.225438119078391e-05
8.225438119078391e-05
8.225438119078391e-05
8.225438119078391e-05
8.225438119078391e-05
8.225438119078391e-05
8.225438119078391e-05
8.225438119078391e-05
8.225438119078391e-05
8.225438119078391e-05
8.225438119078391e-05
8.225438119078391e-05
8.225438119078391e-05
8.225438119078391e-05
8.225438119078391e-05
8.225438119078391e-05
8.225438119078391e-05
8.225438119078391e-05
8.225438119078391e-05
8.225438119078391e-05
8.225438119078391e-05
8.225438119078391e-05
8.225438119078391e-05
8.225438119078391e-05
8.225438119078391e-05
8.225438119078391e-05
8.225438119078391e-05
8.225438119078391e-05
8.225438119078391e-05
8.225438119078391e-05
8.225438119078391e-05
8.225438119078391e-05
8.225438119078391e-05
8.225438119078391e-05
8.225438119078391e-05
8.225438119078391e-05
8.225438119078391e-05
8.225438119078391e-05
8.225438119078391e-05
8.225438119078391e-05
8.225438119078391e-05
8.225438119078391e-05
8.225438119078391e-05
8.225438119078391e-05
8.225438119078391e-05
8.225438119078391e-05
8.225438119078391e-05
8.225438119078391e-05
8.225438119078391e-05
8.225438119078391e-05
8.225438119078391e-05
8.225438119078391e-05
8.225438119078391e-05
8.225438119078391e-05
8.225438119078391e-05
8.225438119078391e-05
8.225438119078391e-05
8.225438119078391e-05
8.225438119078391e-05
8.225438119078391e-05
8.225438119078391e-05
8.225438119078391e-05
8.225438119078391e-05
8.225438119078391e-05
8.225438119078391e-05
8.225438119078391e-05
8.225438119078391e-05
8.225438119078391e-05
8.225438119078391e-05
8.225438119078391e-05
8.225438119078391e-05
8.225438119078391e-05
8.225438119078391e-05
8.225438119078391e-05
8.225438119078391e-05
8.225438119078391e-05
8.225438119078391e-05
8.225438119078391e-05
8.225438119078391e-05
8.225438119078391e-05
8.225438119078391e-05
8.225438119078391e-05
8.225438119078391e-05
8.225438119078391e-05
8.225438119078391e-05
8.225438119078391e-05
8.225438119078391e-05
8.225438119078391e-05
8.225438119078391e-05
8.225438119078391e-05
8.225438119078391e-05
8.225438119078391e-05
8.225438119078391e-05
8.225438119078391e-05
8.225438119078391e-05
8.225438119078391e-05
8.225438119078391e-05
8.225438119078391e-05
8.225438119078391e-05
8.225438119078391e-05
8.225438119078391e-05
8.225438119078391e-05
8.225438119078391e-05
8.225438119078391e-05
8.225438119078391e-05
8.225438119078391e-05
8.225438119078391e-05
8.225438119078391e-05
8.225438119078391e-05
8.225438119078391e-05
8.225438119078391e-05
8.225438119078391e-05
8.225438119078391e-05
8.225438119078391e-05
8.225438119078391e-05
8.225438119078391e-05
8.225438119078391e-05
8.225438119078391e-05
8.225438119078391e-05
8.225438119078391e-05
8.225438119078391e-05
8.225438119078391e-05
8.225438119078391e-05
8.225438119078391e-05
8.225438119078391e-05
8.225438119078391e-05
8.225438119078391e-05
8.225438119078391e-05
8.225438119078391e-05
8.225438119078391e-05
8.225438119078391e-05
8.225438119078391e-05
8.225438119078391e-05
8.225438119078391e-05
8.225438119078391e-05
8.225438119078391e-05
8.225438119078391e-05
8.225438119078391e-05
8.225438119078391e-05
8.225438119078391e-05
8.225438119078391e-05
8.225438119078391e-05
8.225438119078391e-05
8.225438119078391e-05
8.225438119078391e-05
8.225438119078391e-05
8.225438119078391e-05
8.225438119078391e-05
8.225438119078391e-05
8.225438119078391e-05
8.225438119078391e-05
8.225438119078391e-05
8.225438119078391e-05
8.225438119078391e-05
8.225438119078391e-05
8.225438119078391e-05
8.225438119078391e-05
8.225438119078391e-05
8.225438119078391e-05
8.225438119078391e-05
8.225438119078391e-05
8.225438119078391e-05
8.225438119078391e-05
8.225438119078391e-05
8.225438119078391e-05
8.225438119078391e-05
8.225438119078391e-05
8.225438119078391e-05
8.225438119078391e-05
8.225438119078391e-05
8.225438119078391e-05
8.225438119078391e-05
8.225438119078391e-05
8.225438119078391e-05
8.225438119078391e-05
8.225438119078391e-05
8.225438119078391e-05
8.225438119078391e-05
8.225438119078391e-05
8.225438119078391e-05
8.225438119078391e-05
8.225438119078391e-05
8.225438119078391e-05
8.225438119078391e-05
8.225438119078391e-05
8.225438119078391e-05
8.225438119078391e-05
8.225438119078391e-05
8.225438119078391e-05
8.225438119078391e-05
8.225438119078391e-05
8.225438119078391e-05
8.225438119078391e-05
8.225438119078391e-05
8.225438119078391e-05
8.225438119078391e-05
8.225438119078391e-05
8.225438119078391e-05
8.225438119078391e-05
8.225438119078391e-05
8.225438119078391e-05
8.225438119078391e-05
8.225438119078391e-05
8.225438119078391e-05
8.225438119078391e-05
8.225438119078391e-05
8.225438119078391e-05
8.225438119078391e-05
8.225438119078391e-05
8.225438119078391e-05
8.225438119078391e-05
8.225438119078391e-05
8.225438119078391e-05
8.225438119078391e-05
8.225438119078391e-05
8.225438119078391e-05
8.225438119078391e-05
8.225438119078391e-05
8.225438119078391e-05
8.225438119078391e-05
8.225438119078391e-05
8.225438119078391e-05
8.225438119078391e-05
8.225438119078391e-05
8.225438119078391e-05
8.225438119078391e-05
8.225438119078391e-05
8.225438119078391e-05
8.225438119078391e-05
8.225438119078391e-05
8.225438119078391e-05
8.225438119078391e-05
8.225438119078391e-05
8.225438119078391e-05
8.225438119078391e-05
8.225438119078391e-05
8.225438119078391e-05
8.225438119078391e-05
8.225438119078391e-05
8.225438119078391e-05
8.225438119078391e-05
8.225438119078391e-05
8.225438119078391e-05
8.225438119078391e-05
8.225438119078391e-05
8.225438119078391e-05
8.225438119078391e-05
8.225438119078391e-05
8.225438119078391e-05
8.225438119078391e-05
8.225438119078391e-05
8.225438119078391e-05
8.225438119078391e-05
8.225438119078391e-05
8.225438119078391e-05
8.225438119078391e-05
8.225438119078391e-05
8.225438119078391e-05
8.225438119078391e-05
8.225438119078391e-05
8.225438119078391e-05
8.225438119078391e-05
8.225438119078391e-05
8.225438119078391e-05
8.225438119078391e-05
8.225438119078391e-05
8.225438119078391e-05
8.225438119078391e-05
8.225438119078391e-05
8.225438119078391e-05
8.225438119078391e-05
8.225438119078391e-05
8.225438119078391e-05
8.225438119078391e-05
8.225438119078391e-05
8.225438119078391e-05
8.225438119078391e-05
8.225438119078391e-05
8.225438119078391e-05
8.225438119078391e-05
8.225438119078391e-05
8.225438119078391e-05
8.225438119078391e-05
8.225438119078391e-05
8.225438119078391e-05
8.225438119078391e-05
8.225438119078391e-05
8.225438119078391e-05
8.225438119078391e-05
8.225438119078391e-05
8.225438119078391e-05
8.225438119078391e-05
8.225438119078391e-05
8.225438119078391e-05
8.225438119078391e-05
8.225438119078391e-05
8.225438119078391e-05
8.225438119078391e-05
8.225438119078391e-05
8.225438119078391e-05
8.225438119078391e-05
8.225438119078391e-05
8.225438119078391e-05
8.225438119078391e-05
8.225438119078391e-05
8.225438119078391e-05
8.225438119078391e-05
8.225438119078391e-05
8.225438119078391e-05
8.225438119078391e-05
8.225438119078391e-05
8.225438119078391e-05
8.225438119078391e-05
8.225438119078391e-05
8.225438119078391e-05
8.225438119078391e-05
8.225438119078391e-05
8.225438119078391e-05
8.225438119078391e-05
8.225438119078391e-05
8.225438119078391e-05
8.225438119078391e-05
8.225438119078391e-05
8.225438119078391e-05
8.225438119078391e-05
8.225438119078391e-05
8.225438119078391e-05
8.225438119078391e-05
8.225438119078391e-05
8.225438119078391e-05
8.225438119078391e-05
8.225438119078391e-05
8.225438119078391e-05
8.225438119078391e-05
8.225438119078391e-05
8.225438119078391e-05
8.225438119078391e-05
8.225438119078391e-05
8.225438119078391e-05
8.225438119078391e-05
8.225438119078391e-05
8.225438119078391e-05
8.225438119078391e-05
8.225438119078391e-05
8.225438119078391e-05
8.225438119078391e-05
8.225438119078391e-05
8.225438119078391e-05
8.225438119078391e-05
8.225438119078391e-05
8.225438119078391e-05
8.225438119078391e-05
8.225438119078391e-05
8.225438119078391e-05
8.225438119078391e-05
8.225438119078391e-05
8.225438119078391e-05
8.225438119078391e-05
8.225438119078391e-05
8.225438119078391e-05
8.225438119078391e-05
8.225438119078391e-05
8.225438119078391e-05
8.225438119078391e-05
8.225438119078391e-05
8.225438119078391e-05
8.225438119078391e-05
8.225438119078391e-05
8.225438119078391e-05
8.225438119078391e-05
8.225438119078391e-05
8.225438119078391e-05
8.225438119078391e-05
8.225438119078391e-05
8.225438119078391e-05
8.225438119078391e-05
8.225438119078391e-05
8.225438119078391e-05
8.225438119078391e-05
8.225438119078391e-05
8.225438119078391e-05
8.225438119078391e-05
8.225438119078391e-05
8.225438119078391e-05
8.225438119078391e-05
8.225438119078391e-05
8.225438119078391e-05
8.225438119078391e-05
8.225438119078391e-05
8.225438119078391e-05
8.225438119078391e-05
8.225438119078391e-05
8.225438119078391e-05
8.225438119078391e-05
8.225438119078391e-05
8.225438119078391e-05
8.225438119078391e-05
8.225438119078391e-05
8.225438119078391e-05
8.225438119078391e-05
8.225438119078391e-05
8.225438119078391e-05
8.225438119078391e-05
8.225438119078391e-05
8.225438119078391e-05
8.225438119078391e-05
8.225438119078391e-05
8.225438119078391e-05
8.225438119078391e-05
8.225438119078391e-05
8.225438119078391e-05
8.225438119078391e-05
8.225438119078391e-05
8.225438119078391e-05
8.225438119078391e-05
8.225438119078391e-05
8.225438119078391e-05
8.225438119078391e-05
8.225438119078391e-05
8.225438119078391e-05
8.225438119078391e-05
8.225438119078391e-05
8.225438119078391e-05
8.225438119078391e-05
8.225438119078391e-05
8.225438119078391e-05
8.225438119078391e-05
8.225438119078391e-05
8.225438119078391e-05
8.225438119078391e-05
8.225438119078391e-05
8.225438119078391e-05
8.225438119078391e-05
8.225438119078391e-05
8.225438119078391e-05
8.225438119078391e-05
8.225438119078391e-05
8.225438119078391e-05
8.225438119078391e-05
8.225438119078391e-05
8.225438119078391e-05
8.225438119078391e-05
8.225438119078391e-05
8.225438119078391e-05
8.225438119078391e-05
8.225438119078391e-05
8.225438119078391e-05
8.225438119078391e-05
8.225438119078391e-05
8.225438119078391e-05
8.225438119078391e-05
8.225438119078391e-05
8.225438119078391e-05
8.225438119078391e-05
8.225438119078391e-05
8.225438119078391e-05
8.225438119078391e-05
8.225438119078391e-05
8.225438119078391e-05
8.225438119078391e-05
8.225438119078391e-05
8.225438119078391e-05
8.225438119078391e-05
8.225438119078391e-05
8.225438119078391e-05
8.225438119078391e-05
8.225438119078391e-05
8.225438119078391e-05
8.225438119078391e-05
8.225438119078391e-05
8.225438119078391e-05
8.225438119078391e-05
8.225438119078391e-05
8.225438119078391e-05
8.225438119078391e-05
8.225438119078391e-05
8.225438119078391e-05
8.225438119078391e-05
8.225438119078391e-05
8.225438119078391e-05
8.225438119078391e-05
8.225438119078391e-05
8.225438119078391e-05
8.225438119078391e-05
8.225438119078391e-05
8.225438119078391e-05
8.225438119078391e-05
8.225438119078391e-05
8.225438119078391e-05
8.225438119078391e-05
8.225438119078391e-05
8.225438119078391e-05
8.225438119078391e-05
8.225438119078391e-05
8.225438119078391e-05
8.225438119078391e-05
8.225438119078391e-05
8.225438119078391e-05
8.225438119078391e-05
8.225438119078391e-05
8.225438119078391e-05
8.225438119078391e-05
8.225438119078391e-05
8.225438119078391e-05
8.225438119078391e-05
8.225438119078391e-05
8.225438119078391e-05
8.225438119078391e-05
8.225438119078391e-05
8.225438119078391e-05
8.225438119078391e-05
8.225438119078391e-05
8.225438119078391e-05
8.225438119078391e-05
8.225438119078391e-05
8.225438119078391e-05
8.225438119078391e-05
8.225438119078391e-05
8.225438119078391e-05
8.225438119078391e-05
8.225438119078391e-05
8.225438119078391e-05
8.225438119078391e-05
8.225438119078391e-05
8.225438119078391e-05
8.225438119078391e-05
8.225438119078391e-05
8.225438119078391e-05
8.225438119078391e-05
8.225438119078391e-05
8.225438119078391e-05
8.225438119078391e-05
8.225438119078391e-05
8.225438119078391e-05
8.225438119078391e-05
8.225438119078391e-05
8.225438119078391e-05
8.225438119078391e-05
8.225438119078391e-05
8.225438119078391e-05
8.225438119078391e-05
8.225438119078391e-05
8.225438119078391e-05
8.225438119078391e-05
8.225438119078391e-05
8.225438119078391e-05
8.225438119078391e-05
8.225438119078391e-05
8.225438119078391e-05
8.225438119078391e-05
8.225438119078391e-05
8.225438119078391e-05
8.225438119078391e-05
8.225438119078391e-05
8.225438119078391e-05
8.225438119078391e-05
8.225438119078391e-05
8.225438119078391e-05
8.225438119078391e-05
8.225438119078391e-05
8.225438119078391e-05
8.225438119078391e-05
8.225438119078391e-05
8.225438119078391e-05
8.225438119078391e-05
8.225438119078391e-05
8.225438119078391e-05
8.225438119078391e-05
8.225438119078391e-05
8.225438119078391e-05
8.225438119078391e-05
8.225438119078391e-05
8.225438119078391e-05
8.225438119078391e-05
8.225438119078391e-05
8.225438119078391e-05
8.225438119078391e-05
8.225438119078391e-05
8.225438119078391e-05
8.225438119078391e-05
8.225438119078391e-05
8.225438119078391e-05
8.225438119078391e-05
8.225438119078391e-05
8.225438119078391e-05
8.225438119078391e-05
8.225438119078391e-05
8.225438119078391e-05
8.225438119078391e-05
8.225438119078391e-05
8.225438119078391e-05
8.225438119078391e-05
8.225438119078391e-05
8.225438119078391e-05
8.225438119078391e-05
8.225438119078391e-05
8.225438119078391e-05
8.225438119078391e-05
8.225438119078391e-05
8.225438119078391e-05
8.225438119078391e-05
8.225438119078391e-05
8.225438119078391e-05
8.225438119078391e-05
8.225438119078391e-05
8.225438119078391e-05
8.225438119078391e-05
8.225438119078391e-05
8.225438119078391e-05
8.225438119078391e-05
8.225438119078391e-05
8.225438119078391e-05
8.225438119078391e-05
8.225438119078391e-05
8.225438119078391e-05
8.225438119078391e-05
8.225438119078391e-05
8.225438119078391e-05
8.225438119078391e-05
8.225438119078391e-05
8.225438119078391e-05
8.225438119078391e-05
8.225438119078391e-05
8.225438119078391e-05
8.225438119078391e-05
8.225438119078391e-05
8.225438119078391e-05
8.225438119078391e-05
8.225438119078391e-05
8.225438119078391e-05
8.225438119078391e-05
8.225438119078391e-05
8.225438119078391e-05
8.225438119078391e-05
8.225438119078391e-05
8.225438119078391e-05
8.225438119078391e-05
8.225438119078391e-05
8.225438119078391e-05
8.225438119078391e-05
8.225438119078391e-05
8.225438119078391e-05
8.225438119078391e-05
8.225438119078391e-05
8.225438119078391e-05
8.225438119078391e-05
8.225438119078391e-05
8.225438119078391e-05
8.225438119078391e-05
8.225438119078391e-05
8.225438119078391e-05
8.225438119078391e-05
8.225438119078391e-05
8.225438119078391e-05
8.225438119078391e-05
8.225438119078391e-05
8.225438119078391e-05
8.225438119078391e-05
8.225438119078391e-05
8.225438119078391e-05
8.225438119078391e-05
8.225438119078391e-05
8.225438119078391e-05
8.225438119078391e-05
8.225438119078391e-05
8.225438119078391e-05
8.225438119078391e-05
8.225438119078391e-05
8.225438119078391e-05
8.225438119078391e-05
8.225438119078391e-05
8.225438119078391e-05
8.225438119078391e-05
8.225438119078391e-05
8.225438119078391e-05
8.225438119078391e-05
8.225438119078391e-05
8.225438119078391e-05
8.225438119078391e-05
8.225438119078391e-05
8.225438119078391e-05
8.225438119078391e-05
8.225438119078391e-05
8.225438119078391e-05
8.225438119078391e-05
8.225438119078391e-05
8.225438119078391e-05
8.225438119078391e-05
8.225438119078391e-05
8.225438119078391e-05
8.225438119078391e-05
8.225438119078391e-05
8.225438119078391e-05
8.225438119078391e-05
8.225438119078391e-05
8.225438119078391e-05
8.225438119078391e-05
8.225438119078391e-05
8.225438119078391e-05
8.225438119078391e-05
8.225438119078391e-05
8.225438119078391e-05
8.225438119078391e-05
8.225438119078391e-05
8.225438119078391e-05
8.225438119078391e-05
8.225438119078391e-05
8.225438119078391e-05
8.225438119078391e-05
8.225438119078391e-05
8.225438119078391e-05
8.225438119078391e-05
8.225438119078391e-05
8.225438119078391e-05
8.225438119078391e-05
8.225438119078391e-05
8.225438119078391e-05
8.225438119078391e-05
8.225438119078391e-05
8.225438119078391e-05
8.225438119078391e-05
8.225438119078391e-05
8.225438119078391e-05
8.225438119078391e-05
8.225438119078391e-05
8.225438119078391e-05
8.225438119078391e-05
8.225438119078391e-05
8.225438119078391e-05
8.225438119078391e-05
8.225438119078391e-05
8.225438119078391e-05
8.225438119078391e-05
8.225438119078391e-05
8.225438119078391e-05
8.225438119078391e-05
8.225438119078391e-05
8.225438119078391e-05
8.225438119078391e-05
8.225438119078391e-05
8.225438119078391e-05
8.225438119078391e-05
8.225438119078391e-05
8.225438119078391e-05
8.225438119078391e-05
8.225438119078391e-05
8.225438119078391e-05
8.225438119078391e-05
8.225438119078391e-05
8.225438119078391e-05
8.225438119078391e-05
8.225438119078391e-05
8.225438119078391e-05
8.225438119078391e-05
8.225438119078391e-05
8.225438119078391e-05
8.225438119078391e-05
8.225438119078391e-05
8.225438119078391e-05
8.225438119078391e-05
8.225438119078391e-05
8.225438119078391e-05
8.225438119078391e-05
8.225438119078391e-05
8.225438119078391e-05
8.225438119078391e-05
8.225438119078391e-05
8.225438119078391e-05
8.225438119078391e-05
8.225438119078391e-05
8.225438119078391e-05
8.225438119078391e-05
8.225438119078391e-05
8.225438119078391e-05
8.225438119078391e-05
8.225438119078391e-05
8.225438119078391e-05
8.225438119078391e-05
8.225438119078391e-05
8.225438119078391e-05
8.225438119078391e-05
8.22543811907839e-05
8.22543811907839e-05
8.22543811907839e-05
8.22543811907839e-05
8.22543811907839e-05
8.22543811907839e-05
8.22543811907839e-05
8.22543811907839e-05
8.22543811907839e-05
8.22543811907839e-05
8.22543811907839e-05
8.22543811907839e-05
8.22543811907839e-05
8.22543811907839e-05
8.22543811907839e-05
8.22543811907839e-05
8.22543811907839e-05
8.22543811907839e-05
8.22543811907839e-05
8.22543811907839e-05
8.225438119078387e-05
8.225438119078387e-05
8.225438119078387e-05
8.225438119078387e-05
8.225438119078387e-05
8.225438119078387e-05
8.225438119078387e-05
8.225438119078387e-05
8.225438119078387e-05
8.225438119078387e-05
8.225438119078387e-05
8.225438119078387e-05
8.225438119078387e-05
8.225438119078387e-05
8.225438119078387e-05
8.225438119078387e-05
8.225438119078387e-05
8.225438119078387e-05
8.225438119078387e-05
8.225438119078387e-05
8.225438119078387e-05
8.225438119078387e-05
8.225438119078387e-05
8.225438119078387e-05
8.225438119078387e-05
8.225438119078387e-05
8.225438119078387e-05
8.225438119078387e-05
8.225438119078387e-05
8.225438119078387e-05
8.225438119078387e-05
8.225438119078387e-05
8.225438119078387e-05
8.225438119078387e-05
8.225438119078387e-05
8.225438119078387e-05
8.225438119078387e-05
8.225438119078387e-05
8.225438119078387e-05
8.225438119078387e-05
8.22543811907839e-05
8.22543811907839e-05
8.22543811907839e-05
8.22543811907839e-05
8.22543811907839e-05
8.22543811907839e-05
8.22543811907839e-05
8.22543811907839e-05
8.22543811907839e-05
8.22543811907839e-05
8.22543811907839e-05
8.22543811907839e-05
8.22543811907839e-05
8.22543811907839e-05
8.22543811907839e-05
8.22543811907839e-05
8.22543811907839e-05
8.22543811907839e-05
8.22543811907839e-05
8.225438119078391e-05
8.28422210001018e-05
8.28422210001018e-05
8.28422210001018e-05
8.28422210001018e-05
8.28422210001018e-05
8.28422210001018e-05
8.28422210001018e-05
8.28422210001018e-05
8.28422210001018e-05
8.28422210001018e-05
8.28422210001018e-05
8.28422210001018e-05
8.28422210001018e-05
8.28422210001018e-05
8.28422210001018e-05
8.28422210001018e-05
0.0021890155979614346
0.0021890155979614346
0.0021890155979614346
0.0021890155979614346
0.0021890155979614346
0.0021890155979614346
0.0021890155979614346
0.0021890155979614346
0.0021890155979614346
0.0021890155979614346
0.0021890155979614346
0.0021890155979614346
0.0021890155979614346
0.0021890155979614346
0.0021890155979614346
0.0021890155979614346
0.0021890155979614346
0.0021890155979614346
0.0021890155979614346
0.0021890155979614346
0.00013919535887517944
0.00013919535887517944
0.00013919535887517944
0.00013919535887517944
0.00013919535887517944
0.00013919535887517944
0.00013919535887517944
0.00013919535887517944
0.00013919535887517944
0.00013919535887517944
0.00013919535887517944
0.00013919535887517944
0.00013919535887517944
0.00013919535887517944
0.00013919535887517944
0.00013919535887517944
0.00013919535887517944
0.00013919535887517944
0.00013919535887517944
0.00013919535887517944
0.00013919535887517944
0.00013919535887517944
0.00013919535887517944
0.00013919535887517944
0.00013919535887517944
0.00013919535887517944
0.00013919535887517944
0.00013919535887517944
0.00013919535887517944
0.00013919535887517944
0.00013919535887517944
0.00013919535887517944
0.00013919535887517944
0.00013919535887517944
0.00013919535887517944
0.00013919535887517944
0.00013919535887517944
0.00013919535887517944
0.00013919535887517944
0.00013919535887517944
0.0001473424650195298
0.0001473424650195298
0.0001473424650195298
0.0001473424650195298
0.0001473424650195298
0.0001473424650195298
0.0001473424650195298
0.0001473424650195298
0.0001473424650195298
0.0001473424650195298
0.0001473424650195298
0.0001473424650195298
0.0001473424650195298
0.0001473424650195298
0.0001473424650195298
0.0001473424650195298
0.0001473424650195298
0.001980122062796017
0.001980122062796017
0.001980122062796017
0.001980122062796017
0.001980122062796017
0.001980122062796017
0.001980122062796017
0.001980122062796017
0.001980122062796017
0.001980122062796017
0.001980122062796017
0.001980122062796017
0.001980122062796017
0.001980122062796017
0.001980122062796017
0.001980122062796017
0.001980122062796017
0.001980122062796017
0.001980122062796017
0.001980122062796017
0.00013253865309770688
0.00013253865309770688
0.00013253865309770688
0.00013253865309770688
0.00013253865309770688
0.00013253865309770688
0.00013253865309770688
0.00013253865309770688
0.00013253865309770688
0.00013253865309770688
0.00013253865309770688
0.00013253865309770688
0.00013253865309770688
0.00013253865309770688
0.00013253865309770688
0.00013253865309770688
0.00013253865309770688
0.00013253865309770688
0.00013253865309770688
0.00013253865309770688
0.00013253865309770688
0.00013253865309770688
0.00013253865309770688
0.00013253865309770688
0.00013253865309770688
0.00013253865309770688
0.00013253865309770688
0.00013253865309770688
0.00013253865309770688
0.00013253865309770688
0.00013253865309770688
0.00013253865309770688
0.00013253865309770688
0.00013253865309770688
0.00013253865309770688
0.00013253865309770688
0.00013253865309770688
0.00013253865309770688
0.00013253865309770688
0.00013253865309770688
0.0001325386530977069
0.0001325386530977069
0.0001325386530977069
0.0001325386530977069
0.0001325386530977069
0.0001325386530977069
0.0001325386530977069
0.0001325386530977069
0.0001325386530977069
0.0001325386530977069
0.0001325386530977069
0.0001325386530977069
0.0001325386530977069
0.0001325386530977069
0.0001325386530977069
0.0001325386530977069
0.0001325386530977069
0.0001325386530977069
0.0001325386530977069
0.0001325386530977069
0.00013253865309770688
0.00013253865309770688
0.00013253865309770688
0.00013253865309770688
0.00013253865309770688
0.00013253865309770688
0.00013253865309770688
0.00013253865309770688
0.00013253865309770688
0.00013253865309770688
0.00013253865309770688
0.00013253865309770688
0.00013253865309770688
0.00013253865309770688
0.00013253865309770688
0.00013253865309770688
0.00013253865309770688
0.00013253865309770688
0.00013253865309770688
0.00013253865309770688
0.00013253865309770688
0.00013253865309770688
0.00013253865309770688
0.00013253865309770688
0.00013253865309770688
0.00013253865309770688
0.00013253865309770688
0.00013253865309770688
0.00013253865309770688
0.00013253865309770688
0.00013253865309770688
0.00013253865309770688
0.00013253865309770688
0.00013253865309770688
0.00013253865309770688
0.00013253865309770688
0.00013253865309770688
0.00013253865309770688
0.00013253865309770688
0.00013253865309770688
0.0001762949750533033
0.0001762949750533033
0.0001762949750533033
0.0001762949750533033
0.0001762949750533033
0.0001762949750533033
0.0001762949750533033
0.001607086542106719
0.001607086542106719
0.001607086542106719
0.001607086542106719
0.001607086542106719
0.001607086542106719
0.001607086542106719
0.001607086542106719
0.001607086542106719
0.001607086542106719
0.001607086542106719
0.001607086542106719
0.001607086542106719
0.001607086542106719
0.001607086542106719
0.001607086542106719
0.001607086542106719
0.001607086542106719
0.001607086542106719
0.001607086542106719
0.00011773267935659693
0.00011773267935659693
0.00011773267935659693
0.00011773267935659693
0.00011773267935659693
0.00011773267935659693
0.00011773267935659693
0.00011773267935659693
0.00011773267935659693
0.00011773267935659693
0.00011773267935659693
0.00011773267935659693
0.00011773267935659693
0.00011773267935659693
0.00011773267935659693
0.00011773267935659693
0.00011773267935659693
0.00011773267935659693
0.00011773267935659693
0.00011773267935659693
0.00011773267935659693
0.00011773267935659693
0.00011773267935659693
0.00011773267935659693
0.00011773267935659693
0.00011773267935659693
0.00011773267935659693
0.00011773267935659693
0.00011773267935659693
0.00011773267935659693
0.00011773267935659693
0.00011773267935659693
0.00011773267935659693
0.00011773267935659693
0.00011773267935659693
0.00011773267935659693
0.00011773267935659693
0.00011773267935659693
0.00011773267935659693
0.00011773267935659693
0.00011773267935659691
0.00011773267935659691
0.00011773267935659691
0.00011773267935659691
0.00011773267935659691
0.00011773267935659691
0.00011773267935659691
0.00011773267935659691
0.00011773267935659691
0.00011773267935659691
0.00011773267935659691
0.00011773267935659691
0.00011773267935659691
0.00011773267935659691
0.00011773267935659691
0.00011773267935659691
0.00011773267935659691
0.00011773267935659691
0.00011773267935659691
0.00011773267935659691
0.00011773267935659693
0.00011773267935659693
0.00011773267935659693
0.00011773267935659693
0.00011773267935659693
0.00011773267935659693
0.00011773267935659693
0.00011773267935659693
0.00011773267935659693
0.00011773267935659693
0.00011773267935659693
0.00011773267935659693
0.00011773267935659693
0.00011773267935659693
0.00011773267935659693
0.00011773267935659693
0.00011773267935659693
0.00011773267935659693
0.00011773267935659693
0.00011773267935659693
0.00011773267935659693
0.00011773267935659693
0.00011773267935659693
0.00011773267935659693
0.00011773267935659693
0.00011773267935659693
0.00011773267935659693
0.00011773267935659693
0.00011773267935659693
0.00011773267935659693
0.00011773267935659693
0.00011773267935659693
0.00011773267935659693
0.00011773267935659693
0.00011773267935659693
0.00011773267935659693
0.00011773267935659693
0.00011773267935659693
0.00011773267935659693
0.00011773267935659693
0.00011773267935659693
0.00011773267935659693
0.00011773267935659693
0.00011773267935659693
0.00011773267935659693
0.00011773267935659693
0.00011773267935659693
0.00011773267935659693
0.00011773267935659693
0.00011773267935659693
0.00011773267935659693
0.00011773267935659693
0.00011773267935659693
0.00011773267935659693
0.00011773267935659693
0.00011773267935659693
0.00011773267935659693
0.00011773267935659693
0.00011773267935659693
0.00011773267935659693
0.00011773267935659693
0.00011773267935659693
0.00011773267935659693
0.00011773267935659693
0.00011773267935659693
0.00011773267935659693
0.00011773267935659693
0.00011773267935659693
0.00011773267935659693
0.00011773267935659693
0.00011773267935659693
0.00011773267935659693
0.00011773267935659693
0.00011773267935659693
0.00011773267935659693
0.00011773267935659693
0.00011773267935659693
0.00011773267935659693
0.00011773267935659693
0.00011773267935659693
0.00011773267935659693
0.00011773267935659693
0.00011773267935659693
0.00011773267935659693
0.00011773267935659693
0.00011773267935659693
0.00011773267935659693
0.00011773267935659693
0.00011773267935659693
0.00011773267935659693
0.00011773267935659693
0.00011773267935659693
0.00011773267935659693
0.00011773267935659693
0.00011773267935659693
0.00011773267935659693
0.00011773267935659693
0.00011773267935659693
0.00011773267935659693
0.00011773267935659693
0.00011773267935659693
0.00011773267935659693
0.00011773267935659693
0.00011773267935659693
0.00011773267935659693
0.00011773267935659693
0.00011773267935659693
0.00011773267935659693
0.00011773267935659693
0.00011773267935659693
0.00011773267935659693
0.00011773267935659693
0.00011773267935659693
0.00011773267935659693
0.00011773267935659693
0.00011773267935659693
0.00011773267935659693
0.00011773267935659693
0.00011773267935659693
0.00011773267935659693
0.00011773267935659693
0.00011773267935659693
0.00011773267935659693
0.00011773267935659693
0.00011773267935659693
0.00011773267935659693
0.00011773267935659693
0.00011773267935659693
0.00011773267935659693
0.00011773267935659693
0.00011773267935659693
0.00011773267935659693
0.00011773267935659693
0.00011773267935659693
0.00011773267935659693
0.00011773267935659693
0.00011773267935659693
0.00011773267935659693
0.00011773267935659693
0.00011773267935659693
0.00011773267935659693
0.00011773267935659693
0.00011773267935659693
0.00011773267935659693
0.00011773267935659693
0.00011773267935659693
0.00011773267935659693
0.00011773267935659693
0.00011773267935659693
0.00011773267935659693
0.00011773267935659693
0.00011773267935659693
0.00011773267935659693
0.00011773267935659693
0.00011773267935659693
0.00011773267935659693
0.00011773267935659693
0.00011773267935659693
0.00011773267935659693
0.00011773267935659693
0.00011773267935659691
0.00011773267935659691
0.00011773267935659691
0.00011773267935659691
0.00011773267935659691
0.00011773267935659691
0.00011773267935659691
0.00011773267935659691
0.00011773267935659691
0.00011773267935659691
0.00011773267935659691
0.00011773267935659691
0.00011773267935659691
0.00011773267935659691
0.00011773267935659691
0.00011773267935659691
0.00011773267935659691
0.00011773267935659691
0.00011773267935659691
0.00011773267935659691
0.00012666823821704312
0.00012666823821704312
0.00012666823821704312
0.00012666823821704312
0.00012666823821704312
0.00012666823821704312
0.00012666823821704312
0.00012666823821704312
0.00012666823821704312
0.00012666823821704312
0.00012666823821704312
0.00012666823821704312
0.00012666823821704312
0.00012666823821704312
0.0020490088357900315
0.0020490088357900315
0.0020490088357900315
0.0020490088357900315
0.0020490088357900315
0.0020490088357900315
0.0020490088357900315
0.0020490088357900315
0.0020490088357900315
0.0020490088357900315
0.0020490088357900315
0.0020490088357900315
0.0020490088357900315
0.0020490088357900315
0.0020490088357900315
0.0020490088357900315
0.0020490088357900315
0.0020490088357900315
0.0020490088357900315
0.0020490088357900315
0.00013630882523503406
0.00013630882523503406
0.00013630882523503406
0.00013630882523503406
0.00013630882523503406
0.00013630882523503406
0.00013630882523503406
0.00013630882523503406
0.00013630882523503406
0.00013630882523503406
0.00013630882523503406
0.00013630882523503406
0.00013630882523503406
0.00013630882523503406
0.00013630882523503406
0.00013630882523503406
0.00013630882523503406
0.00013630882523503406
0.00013630882523503406
0.00013630882523503406
0.00013630882523503406
0.00013630882523503406
0.00013630882523503406
0.00013630882523503406
0.00013630882523503406
0.00013630882523503406
0.00013630882523503406
0.00013630882523503406
0.00013630882523503406
0.00013630882523503406
0.00013630882523503406
0.00013630882523503406
0.00013630882523503406
0.00013630882523503406
0.00013630882523503406
0.00013630882523503406
0.00013630882523503406
0.00013630882523503406
0.00013630882523503406
0.00013630882523503406
0.00013630882523503406
0.00013630882523503406
0.00013630882523503406
0.00013630882523503406
0.00013630882523503406
0.00013630882523503406
0.00013630882523503406
0.00013630882523503406
0.00013630882523503406
0.00013630882523503406
0.00013630882523503406
0.00013630882523503406
0.00013630882523503406
0.00013630882523503406
0.00013630882523503406
0.00013630882523503406
0.00013630882523503406
0.00013630882523503406
0.00013630882523503406
0.00013630882523503406
0.00013630882523503406
0.00013630882523503406
0.00013630882523503406
0.00013630882523503406
0.00013630882523503406
0.00013630882523503406
0.00013630882523503406
0.00013630882523503406
0.00013630882523503406
0.00013630882523503406
0.00013630882523503406
0.00013630882523503406
0.00013630882523503406
0.00013630882523503406
0.00013630882523503406
0.00013630882523503406
0.00013630882523503406
0.00013630882523503406
0.00013630882523503406
0.00013630882523503406
0.00021854234190540195
0.00021854234190540195
0.00021854234190540195
0.002196397996118803
0.002196397996118803
0.002196397996118803
0.002196397996118803
0.002196397996118803
0.002196397996118803
0.002196397996118803
0.002196397996118803
0.002196397996118803
0.002196397996118803
0.002196397996118803
0.002196397996118803
0.002196397996118803
0.002196397996118803
0.002196397996118803
0.002196397996118803
0.002196397996118803
0.002196397996118803
0.002196397996118803
0.002196397996118803
0.00014253745901715093
0.00014253745901715093
0.00014253745901715093
0.00014253745901715093
0.00014253745901715093
0.00014253745901715093
0.00014253745901715093
0.00014253745901715093
0.00014253745901715093
0.00014253745901715093
0.00014253745901715093
0.00014253745901715093
0.00014253745901715093
0.00014253745901715093
0.00014253745901715093
0.00014253745901715093
0.00014253745901715093
0.00014253745901715093
0.00014253745901715093
0.00014253745901715093
0.0001425374590171509
0.0001425374590171509
0.0001425374590171509
0.0001425374590171509
0.0001425374590171509
0.0001425374590171509
0.0001425374590171509
0.0001425374590171509
0.0001425374590171509
0.0001425374590171509
0.0001425374590171509
0.0001425374590171509
0.0001425374590171509
0.0001425374590171509
0.0001425374590171509
0.0001425374590171509
0.0001425374590171509
0.0001425374590171509
0.0001425374590171509
0.0001425374590171509
0.00024730045965724564
0.00024730045965724564
0.00024730045965724564
